# Exported from Wings 3D 0.99.00b
mtllib radhalterung_v.mtl
o cube1_sep52
#36 vertices, 54 faces
v -3.20257376 -1.33771557 0.63861456
v -3.34606094 -0.78629618 0.63861456
v -3.86664078 -0.55467461 0.63861456
v -4.37230603 -0.81726663 0.63861456
v -4.48228045 -1.37633509 0.63861456
v -4.11375105 -1.81089004 0.63861456
v -3.54422800 -1.79370273 0.63861456
v -3.20257376 -1.33771557 0.91586572
v -3.34606094 -0.78629618 0.91586572
v -3.86664078 -0.55467461 0.91586572
v -4.37230603 -0.81726663 0.91586572
v -4.48228045 -1.37633509 0.91586572
v -4.11375105 -1.81089004 0.91586572
v -3.54422800 -1.79370273 0.91586572
v -0.61837299 -7.6512884e-2 0.91586572
v -0.47488580 -0.62793227 0.91586572
v -0.47488580 -0.62793227 0.63861456
v -0.61837299 -7.6512884e-2 0.63861456
v -3.20257376 -1.33771557 -0.82633956
v -3.34606094 -0.78629618 -0.82633956
v -3.86664078 -0.55467461 -0.82633956
v -4.37230603 -0.81726663 -0.82633956
v -4.48228045 -1.37633509 -0.82633956
v -4.11375105 -1.81089004 -0.82633956
v -3.54422800 -1.79370273 -0.82633956
v -3.20257376 -1.33771557 -1.10359072
v -3.34606094 -0.78629618 -1.10359072
v -3.86664078 -0.55467461 -1.10359072
v -4.37230603 -0.81726663 -1.10359072
v -4.48228045 -1.37633509 -1.10359072
v -4.11375105 -1.81089004 -1.10359072
v -3.54422800 -1.79370273 -1.10359072
v -0.61837299 -7.6512884e-2 -1.10359072
v -0.47488580 -0.62793227 -1.10359072
v -0.47488580 -0.62793227 -0.82633956
v -0.61837299 -7.6512884e-2 -0.82633956
vt 1.6572017e-2 0.94090061
vt 1.6572017e-2 0.98186062
vt 3.6502801e-2 0.94090061
vt 3.6502801e-2 0.98186062
vt 0.20243980 0.94811953
vt 0.22009197 0.98508063
vt 0.22033120 0.91127364
vt 0.22242192 0.64212875
vt 0.22242192 0.31663325
vt 0.22242192 0.51924874
vt 0.22242192 0.60116875
vt 0.22242192 0.56020874
vt 0.22254827 0.60082065
vt 0.22254827 0.64178065
vt 0.22255425 0.55987586
vt 0.22255425 0.60083586
vt 0.22255425 0.51891585
vt 0.22255425 0.31630037
vt 0.24235270 0.56020874
vt 0.24235270 0.60116875
vt 0.24235270 0.51924874
vt 0.24235270 0.31663325
vt 0.24235270 0.64212875
vt 0.24247906 0.64178065
vt 0.24247906 0.60082065
vt 0.24248504 0.55987586
vt 0.24248504 0.51891585
vt 0.24248504 0.31630037
vt 0.24248504 0.60083586
vt 0.25999526 0.99432447
vt 0.26029358 0.90228867
vt 0.29210169 0.96889026
vt 0.29223446 0.92793047
vt 0.29229311 0.92856633
vt 0.29246877 0.96952596
vt 0.49471611 0.96954700
vt 0.49484888 0.92858722
vt 0.49490673 0.92769741
vt 0.49508239 0.96865704
vn 0.80028308 -0.59962238 0.0000000e+0
vn 0.0000000e+0 0.0000000e+0 -1.00000000
vn 0.80028308 -0.59962238 0.0000000e+0
vn 0.25182807 -0.96777199 0.0000000e+0
vn 0.40650885 0.91364684 0.0000000e+0
vn 6.9132077e-17 0.0000000e+0 -1.00000000
vn -0.25182807 0.96777199 0.0000000e+0
vn 6.9132077e-17 0.0000000e+0 -1.00000000
vn 0.40650885 0.91364684 0.0000000e+0
vn -0.25182807 0.96777199 0.0000000e+0
vn -3.0164686e-2 0.99954494 0.0000000e+0
vn -3.0164686e-2 0.99954494 0.0000000e+0
vn -0.80028308 0.59962238 -8.7754745e-16
vn -0.80028308 0.59962238 -8.7754745e-16
vn -0.80028308 0.59962238 -8.7754745e-16
vn -0.80028308 0.59962238 -8.7754745e-16
vn -0.96777199 -0.25182807 -3.3151793e-15
vn -0.96777199 -0.25182807 -3.3151793e-15
vn -0.40650885 -0.91364684 -7.8004218e-16
vn -0.40650885 -0.91364684 -7.8004218e-16
vn -0.40650885 -0.91364684 -7.8004218e-16
vn -0.40650885 -0.91364684 -7.8004218e-16
vn 0.46086374 -0.88747091 0.0000000e+0
vn 0.46086374 -0.88747091 0.0000000e+0
vn 0.80028308 -0.59962238 0.0000000e+0
vn -6.9132077e-17 0.0000000e+0 1.00000000
vn 0.25182807 -0.96777199 0.0000000e+0
vn 6.4887153e-17 1.7183894e-16 1.00000000
vn 6.4887153e-17 1.7183894e-16 1.00000000
vn 6.4887153e-17 1.7183894e-16 1.00000000
vn 0.25182807 -0.96777199 0.0000000e+0
vn -6.9132077e-17 0.0000000e+0 1.00000000
vn -3.2805025e-16 2.8987008e-16 1.00000000
vn 0.40650885 0.91364684 0.0000000e+0
vn -3.2805025e-16 2.8987008e-16 1.00000000
vn -0.25182807 0.96777199 0.0000000e+0
vn -1.3826415e-16 0.0000000e+0 1.00000000
vn -6.5610049e-16 6.6353444e-16 1.00000000
vn -3.0164686e-2 0.99954494 0.0000000e+0
vn -3.0164686e-2 0.99954494 0.0000000e+0
vn -3.0164686e-2 0.99954494 0.0000000e+0
vn -3.0164686e-2 0.99954494 0.0000000e+0
vn -2.1870016e-16 3.9301709e-16 1.00000000
vn -0.80028308 0.59962238 0.0000000e+0
vn -0.80028308 0.59962238 0.0000000e+0
vn -2.1870016e-16 3.9301709e-16 1.00000000
vn -2.1870016e-16 3.9301709e-16 1.00000000
vn -0.96777199 -0.25182807 -1.6575896e-15
vn -0.96777199 -0.25182807 -1.6575896e-15
vn 6.4887153e-17 1.9977037e-16 1.00000000
vn 6.4887153e-17 1.9977037e-16 1.00000000
vn 6.4887153e-17 1.9977037e-16 1.00000000
vn -0.96777199 -0.25182807 -1.6575896e-15
vn -0.96777199 -0.25182807 -1.6575896e-15
vn -0.40650885 -0.91364684 0.0000000e+0
vn -0.40650885 -0.91364684 0.0000000e+0
vn 0.0000000e+0 0.0000000e+0 1.00000000
vn 0.46086374 -0.88747091 0.0000000e+0
vn 0.46086374 -0.88747091 0.0000000e+0
vn 9.7330730e-17 0.0000000e+0 1.00000000
vn 9.7330730e-17 0.0000000e+0 1.00000000
vn 0.46086374 -0.88747091 0.0000000e+0
vn 0.46086374 -0.88747091 0.0000000e+0
vn 0.96777199 0.25182807 0.0000000e+0
vn -6.9132077e-17 0.0000000e+0 1.00000000
vn -0.25182807 0.96777199 0.0000000e+0
vn 0.96777199 0.25182807 0.0000000e+0
vn -0.25182807 0.96777199 0.0000000e+0
vn -6.9132077e-17 0.0000000e+0 1.00000000
vn 0.0000000e+0 0.0000000e+0 1.00000000
vn 0.25182807 -0.96777199 0.0000000e+0
vn 0.96777199 0.25182807 0.0000000e+0
vn 0.96777199 0.25182807 0.0000000e+0
vn 0.25182807 -0.96777199 0.0000000e+0
vn 6.9132077e-17 0.0000000e+0 -1.00000000
vn 0.96777199 0.25182807 0.0000000e+0
vn 6.9132077e-17 0.0000000e+0 -1.00000000
vn 0.25182807 -0.96777199 0.0000000e+0
vn 0.96777199 0.25182807 0.0000000e+0
vn 1.3826415e-16 0.0000000e+0 -1.00000000
vn -0.25182807 0.96777199 0.0000000e+0
vn 0.25182807 -0.96777199 0.0000000e+0
vn 6.9132077e-17 0.0000000e+0 1.00000000
vn 0.80028308 -0.59962238 0.0000000e+0
vn 6.9132077e-17 0.0000000e+0 1.00000000
vn 0.25182807 -0.96777199 0.0000000e+0
vn -0.25182807 0.96777199 0.0000000e+0
vn 0.40650885 0.91364684 0.0000000e+0
vn 0.0000000e+0 0.0000000e+0 1.00000000
vn -3.0164686e-2 0.99954494 0.0000000e+0
vn -3.0164686e-2 0.99954494 0.0000000e+0
vn -3.0164686e-2 0.99954494 0.0000000e+0
vn -3.0164686e-2 0.99954494 0.0000000e+0
vn -0.80028308 0.59962238 0.0000000e+0
vn -0.80028308 0.59962238 0.0000000e+0
vn -0.96777199 -0.25182807 1.6575896e-15
vn -0.96777199 -0.25182807 1.6575896e-15
vn -0.96777199 -0.25182807 1.6575896e-15
vn -0.96777199 -0.25182807 1.6575896e-15
vn -0.40650885 -0.91364684 0.0000000e+0
vn -0.40650885 -0.91364684 0.0000000e+0
vn 0.46086374 -0.88747091 0.0000000e+0
vn 0.46086374 -0.88747091 0.0000000e+0
vn 0.46086374 -0.88747091 0.0000000e+0
vn 0.46086374 -0.88747091 0.0000000e+0
vn -8.2672325e-16 3.7455706e-18 -1.00000000
vn 0.80028308 -0.59962238 0.0000000e+0
vn -6.9132077e-17 0.0000000e+0 -1.00000000
vn -8.2672325e-16 3.7455706e-18 -1.00000000
vn 0.80028308 -0.59962238 0.0000000e+0
vn 0.25182807 -0.96777199 0.0000000e+0
vn -6.9132077e-17 0.0000000e+0 -1.00000000
vn 0.40650885 0.91364684 0.0000000e+0
vn -0.25182807 0.96777199 0.0000000e+0
vn -8.7480066e-16 -1.2552269e-16 -1.00000000
vn -0.25182807 0.96777199 0.0000000e+0
vn 0.40650885 0.91364684 0.0000000e+0
vn -1.3826415e-16 0.0000000e+0 -1.00000000
vn -4.9911338e-16 5.5122092e-17 -1.00000000
vn -3.0164686e-2 0.99954494 0.0000000e+0
vn -3.0164686e-2 0.99954494 0.0000000e+0
vn -4.9911338e-16 5.5122092e-17 -1.00000000
vn -4.9911338e-16 5.5122092e-17 -1.00000000
vn -0.80028308 0.59962238 8.7754745e-16
vn -0.80028308 0.59962238 8.7754745e-16
vn 4.7301801e-16 2.3399776e-16 -1.00000000
vn 4.7301801e-16 2.3399776e-16 -1.00000000
vn 4.7301801e-16 2.3399776e-16 -1.00000000
vn -0.80028308 0.59962238 8.7754745e-16
vn -0.80028308 0.59962238 8.7754745e-16
vn -0.96777199 -0.25182807 3.3151793e-15
vn -0.96777199 -0.25182807 3.3151793e-15
vn 1.7496013e-15 3.2238976e-16 -1.00000000
vn -0.40650885 -0.91364684 7.8004218e-16
vn -0.40650885 -0.91364684 7.8004218e-16
vn 6.3147383e-16 2.7205907e-16 -1.00000000
vn 6.3147383e-16 2.7205907e-16 -1.00000000
vn -0.40650885 -0.91364684 7.8004218e-16
vn -0.40650885 -0.91364684 7.8004218e-16
vn -3.6973104e-16 1.7087245e-16 -1.00000000
vn 0.46086374 -0.88747091 0.0000000e+0
vn 0.46086374 -0.88747091 0.0000000e+0
vn -3.6973104e-16 1.7087245e-16 -1.00000000
vn -3.6973104e-16 1.7087245e-16 -1.00000000
vn -6.9132077e-17 0.0000000e+0 -1.00000000
vn -0.25182807 0.96777199 0.0000000e+0
vn 0.96777199 0.25182807 0.0000000e+0
vn -6.9132077e-17 0.0000000e+0 -1.00000000
vn 0.96777199 0.25182807 0.0000000e+0
vn 0.0000000e+0 0.0000000e+0 -1.00000000
vn 0.25182807 -0.96777199 0.0000000e+0
vn 0.96777199 0.25182807 0.0000000e+0
vn 0.25182807 -0.96777199 0.0000000e+0
vn 0.96777199 0.25182807 0.0000000e+0
vn 0.25182807 -0.96777199 0.0000000e+0
vn 1.3826415e-16 0.0000000e+0 1.00000000
vn 0.96777199 0.25182807 0.0000000e+0
vn 6.9132077e-17 0.0000000e+0 1.00000000
vn -0.25182807 0.96777199 0.0000000e+0
vn 0.96777199 0.25182807 0.0000000e+0
vn -0.25182807 0.96777199 0.0000000e+0
vn 6.9132077e-17 0.0000000e+0 1.00000000
g cube1_sep52_cube1_sep28_auv
usemtl cube1_sep28_auv
f 1/10/3 14/19/63 7/12/24
f 1/10/4 17/9/78 8/21/31
f 2/39/8 17/34/77 1/38/2
f 3/15/11 10/26/41 2/17/9
f 4/16/15 10/26/42 3/15/12
f 5/13/17 12/25/53 4/14/16
f 6/11/21 12/23/54 5/8/18
f 7/12/23 14/19/62 6/11/22
f 8/33/28 12/5/51 14/31/61
f 8/21/25 14/19/59 1/10/1
f 8/33/32 15/36/69 9/32/37
f 9/27/34 2/17/5 10/26/39
f 9/32/35 11/6/46 8/33/29
f 9/27/36 15/28/68 2/17/10
f 10/26/40 4/16/13 11/29/44
f 10/30/38 11/6/43 9/32/33
f 11/24/45 4/14/14 12/25/48
f 12/23/49 6/11/19 13/20/55
f 12/5/52 8/33/30 11/6/47
f 13/20/56 6/11/20 14/19/58
f 13/7/57 14/31/60 12/5/50
f 15/36/65 8/33/26 16/37/70
f 16/22/71 8/21/27 17/9/74
f 16/1/72 17/3/76 15/2/67
f 17/34/75 2/39/6 18/35/80
f 18/18/81 2/17/7 15/28/66
f 18/4/79 15/2/64 17/3/73
f 19/38/85 36/35/162 20/39/89
f 20/17/88 27/27/117 21/15/92
f 20/17/87 36/18/161 27/27/116
f 21/15/93 29/29/129 22/16/94
f 22/14/95 29/24/130 23/13/98
f 23/8/99 31/20/138 24/11/100
f 24/11/101 31/20/139 25/12/104
f 25/12/105 26/21/110 19/10/84
f 26/21/107 25/12/103 32/19/142
f 26/33/109 28/30/122 27/32/115
f 26/21/111 34/22/153 19/10/86
f 27/32/118 33/36/148 26/33/112
f 27/27/114 36/18/159 33/28/146
f 28/26/120 21/15/90 27/27/113
f 28/30/123 32/31/144 29/6/127
f 29/29/124 21/15/91 28/26/121
f 29/6/128 31/7/137 30/5/133
f 30/25/131 23/13/96 29/24/125
f 31/20/134 23/8/97 30/23/132
f 31/7/136 29/6/126 32/31/143
f 32/19/141 25/12/102 31/20/135
f 32/31/140 28/30/119 26/33/106
f 33/2/147 36/4/160 34/1/152
f 34/37/150 26/33/108 33/36/145
f 34/1/149 36/4/157 35/3/154
f 35/9/155 19/10/82 34/22/151
f 36/35/158 19/38/83 35/34/156
