# Exported from Wings 3D 0.99.00b
mtllib radhalterung_h.mtl
o cube1_sep51
#18 vertices, 27 faces
v 3.45111205 -1.08391311 0.63861456
v 3.59459924 -0.53249372 0.63861456
v 4.11517907 -0.30087216 0.63861456
v 4.62084433 -0.56346418 0.63861456
v 4.73081874 -1.12253264 0.63861456
v 4.36228935 -1.55708758 0.63861456
v 3.79276629 -1.53990028 0.63861456
v 3.45111205 -1.08391311 0.91586572
v 3.59459924 -0.53249372 0.91586572
v 4.11517907 -0.30087216 0.91586572
v 4.62084433 -0.56346418 0.91586572
v 4.73081874 -1.12253264 0.91586572
v 4.36228935 -1.55708758 0.91586572
v 3.79276629 -1.53990028 0.91586572
v 0.86691129 0.17728957 0.91586572
v 0.72342410 -0.37412982 0.91586572
v 0.72342410 -0.37412982 0.63861456
v 0.86691129 0.17728957 0.63861456
vt 1.6572017e-2 0.94090061
vt 1.6572017e-2 0.98186062
vt 3.6502801e-2 0.94090061
vt 3.6502801e-2 0.98186062
vt 0.20243980 0.94811953
vt 0.22009197 0.98508063
vt 0.22033120 0.91127364
vt 0.22242192 0.64212875
vt 0.22242192 0.31663325
vt 0.22242192 0.51924874
vt 0.22242192 0.60116875
vt 0.22242192 0.56020874
vt 0.22254827 0.60082065
vt 0.22254827 0.64178065
vt 0.22255425 0.55987586
vt 0.22255425 0.60083586
vt 0.22255425 0.51891585
vt 0.22255425 0.31630037
vt 0.24235270 0.56020874
vt 0.24235270 0.60116875
vt 0.24235270 0.51924874
vt 0.24235270 0.31663325
vt 0.24235270 0.64212875
vt 0.24247906 0.64178065
vt 0.24247906 0.60082065
vt 0.24248504 0.55987586
vt 0.24248504 0.51891585
vt 0.24248504 0.31630037
vt 0.24248504 0.60083586
vt 0.25999526 0.99432447
vt 0.26029358 0.90228867
vt 0.29210169 0.96889026
vt 0.29223446 0.92793047
vt 0.29229311 0.92856633
vt 0.29246877 0.96952596
vt 0.49471611 0.96954700
vt 0.49484888 0.92858722
vt 0.49490673 0.92769741
vt 0.49508239 0.96865704
vn -0.25182807 -0.96777199 0.0000000e+0
vn 0.0000000e+0 0.0000000e+0 -1.00000000
vn -0.80028308 -0.59962238 0.0000000e+0
vn 0.0000000e+0 0.0000000e+0 -1.00000000
vn -0.25182807 -0.96777199 0.0000000e+0
vn 0.25182807 0.96777199 0.0000000e+0
vn -0.40650885 0.91364684 0.0000000e+0
vn 0.0000000e+0 0.0000000e+0 -1.00000000
vn 3.0164686e-2 0.99954494 0.0000000e+0
vn 3.0164686e-2 0.99954494 0.0000000e+0
vn 3.0164686e-2 0.99954494 0.0000000e+0
vn 3.0164686e-2 0.99954494 0.0000000e+0
vn 0.80028308 0.59962238 0.0000000e+0
vn 0.80028308 0.59962238 0.0000000e+0
vn 0.96777199 -0.25182807 -1.4625791e-15
vn 0.96777199 -0.25182807 -1.4625791e-15
vn 0.96777199 -0.25182807 -1.4625791e-15
vn 0.96777199 -0.25182807 -1.4625791e-15
vn 0.40650885 -0.91364684 0.0000000e+0
vn 0.40650885 -0.91364684 0.0000000e+0
vn -0.46086374 -0.88747091 0.0000000e+0
vn -0.46086374 -0.88747091 0.0000000e+0
vn -0.46086374 -0.88747091 0.0000000e+0
vn -0.46086374 -0.88747091 0.0000000e+0
vn 0.0000000e+0 0.0000000e+0 1.00000000
vn -0.80028308 -0.59962238 0.0000000e+0
vn -3.6977855e-32 0.0000000e+0 1.00000000
vn -0.80028308 -0.59962238 0.0000000e+0
vn -0.25182807 -0.96777199 0.0000000e+0
vn -3.6977855e-32 0.0000000e+0 1.00000000
vn 2.4332682e-16 5.7863232e-17 1.00000000
vn -0.40650885 0.91364684 0.0000000e+0
vn 0.25182807 0.96777199 0.0000000e+0
vn 2.4332682e-16 5.7863232e-17 1.00000000
vn 0.25182807 0.96777199 0.0000000e+0
vn -0.40650885 0.91364684 0.0000000e+0
vn 1.3826415e-16 0.0000000e+0 1.00000000
vn 3.0164686e-2 0.99954494 0.0000000e+0
vn 3.0164686e-2 0.99954494 0.0000000e+0
vn 1.8118109e-16 2.2591520e-16 1.00000000
vn 1.8118109e-16 2.2591520e-16 1.00000000
vn 1.8118109e-16 2.2591520e-16 1.00000000
vn 0.80028308 0.59962238 -8.7754745e-16
vn 0.80028308 0.59962238 -8.7754745e-16
vn 3.4065755e-16 3.8944262e-16 1.00000000
vn 3.4065755e-16 3.8944262e-16 1.00000000
vn 0.80028308 0.59962238 -8.7754745e-16
vn 0.80028308 0.59962238 -8.7754745e-16
vn 0.96777199 -0.25182807 -2.9251582e-15
vn 0.96777199 -0.25182807 -2.9251582e-15
vn 0.0000000e+0 4.8358464e-16 1.00000000
vn 0.40650885 -0.91364684 -5.8503164e-16
vn 0.40650885 -0.91364684 -5.8503164e-16
vn 1.8963209e-17 3.4853459e-16 1.00000000
vn 1.8963209e-17 3.4853459e-16 1.00000000
vn 1.8963209e-17 3.4853459e-16 1.00000000
vn 0.40650885 -0.91364684 -5.8503164e-16
vn 0.40650885 -0.91364684 -5.8503164e-16
vn -4.5923944e-17 1.2748167e-16 1.00000000
vn -0.46086374 -0.88747091 0.0000000e+0
vn -0.46086374 -0.88747091 0.0000000e+0
vn -4.5923944e-17 1.2748167e-16 1.00000000
vn -4.5923944e-17 1.2748167e-16 1.00000000
vn -3.6977855e-32 0.0000000e+0 1.00000000
vn 0.25182807 0.96777199 0.0000000e+0
vn -0.96777199 0.25182807 0.0000000e+0
vn -3.6977855e-32 0.0000000e+0 1.00000000
vn -0.96777199 0.25182807 0.0000000e+0
vn -1.3826415e-16 0.0000000e+0 1.00000000
vn -0.25182807 -0.96777199 0.0000000e+0
vn -0.96777199 0.25182807 0.0000000e+0
vn -0.25182807 -0.96777199 0.0000000e+0
vn -0.96777199 0.25182807 0.0000000e+0
vn -0.25182807 -0.96777199 0.0000000e+0
vn 0.0000000e+0 0.0000000e+0 -1.00000000
vn -0.96777199 0.25182807 0.0000000e+0
vn 0.0000000e+0 0.0000000e+0 -1.00000000
vn 0.25182807 0.96777199 0.0000000e+0
vn -0.96777199 0.25182807 0.0000000e+0
vn 0.25182807 0.96777199 0.0000000e+0
vn 0.0000000e+0 0.0000000e+0 -1.00000000
g cube1_sep51_cube1_sep28_auv
usemtl cube1_sep28_auv
f 1/38/4 18/35/81 2/39/8
f 2/17/7 9/27/36 3/15/11
f 2/17/6 18/18/80 9/27/35
f 3/15/12 11/29/47 4/16/13
f 4/14/14 11/24/48 5/13/17
f 5/8/18 13/20/57 6/11/19
f 6/11/20 13/20/58 7/12/23
f 7/12/24 8/21/28 1/10/3
f 8/21/26 7/12/22 14/19/61
f 8/33/25 14/31/59 9/32/31
f 8/21/29 16/22/72 1/10/5
f 9/32/34 14/31/63 10/30/42
f 9/32/37 15/36/67 8/33/30
f 9/27/33 18/18/78 15/28/65
f 10/26/38 3/15/9 9/27/32
f 10/30/40 13/7/55 11/6/46
f 11/29/43 3/15/10 10/26/39
f 11/6/45 13/7/54 12/5/51
f 12/25/49 5/13/15 11/24/44
f 13/20/52 5/8/16 12/23/50
f 13/7/56 10/30/41 14/31/62
f 14/19/60 7/12/21 13/20/53
f 15/2/66 18/4/79 16/1/71
f 16/37/69 8/33/27 15/36/64
f 16/1/68 18/4/76 17/3/73
f 17/9/74 1/10/1 16/22/70
f 18/35/77 1/38/2 17/34/75
o cube1_sep50
#18 vertices, 27 faces
v 3.45111205 -1.08391311 -0.82633956
v 3.59459924 -0.53249372 -0.82633956
v 4.11517907 -0.30087216 -0.82633956
v 4.62084433 -0.56346418 -0.82633956
v 4.73081874 -1.12253264 -0.82633956
v 4.36228935 -1.55708758 -0.82633956
v 3.79276629 -1.53990028 -0.82633956
v 3.45111205 -1.08391311 -1.10359072
v 3.59459924 -0.53249372 -1.10359072
v 4.11517907 -0.30087216 -1.10359072
v 4.62084433 -0.56346418 -1.10359072
v 4.73081874 -1.12253264 -1.10359072
v 4.36228935 -1.55708758 -1.10359072
v 3.79276629 -1.53990028 -1.10359072
v 0.86691129 0.17728957 -1.10359072
v 0.72342410 -0.37412982 -1.10359072
v 0.72342410 -0.37412982 -0.82633956
v 0.86691129 0.17728957 -0.82633956
vt 1.6572017e-2 0.94090061
vt 1.6572017e-2 0.98186062
vt 3.6502801e-2 0.94090061
vt 3.6502801e-2 0.98186062
vt 0.20243980 0.94811953
vt 0.22009197 0.98508063
vt 0.22033120 0.91127364
vt 0.22242192 0.64212875
vt 0.22242192 0.31663325
vt 0.22242192 0.51924874
vt 0.22242192 0.60116875
vt 0.22242192 0.56020874
vt 0.22254827 0.60082065
vt 0.22254827 0.64178065
vt 0.22255425 0.55987586
vt 0.22255425 0.60083586
vt 0.22255425 0.51891585
vt 0.22255425 0.31630037
vt 0.24235270 0.56020874
vt 0.24235270 0.60116875
vt 0.24235270 0.51924874
vt 0.24235270 0.31663325
vt 0.24235270 0.64212875
vt 0.24247906 0.64178065
vt 0.24247906 0.60082065
vt 0.24248504 0.55987586
vt 0.24248504 0.51891585
vt 0.24248504 0.31630037
vt 0.24248504 0.60083586
vt 0.25999526 0.99432447
vt 0.26029358 0.90228867
vt 0.29210169 0.96889026
vt 0.29223446 0.92793047
vt 0.29229311 0.92856633
vt 0.29246877 0.96952596
vt 0.49471611 0.96954700
vt 0.49484888 0.92858722
vt 0.49490673 0.92769741
vt 0.49508239 0.96865704
vn -0.80028308 -0.59962238 0.0000000e+0
vn 1.3826415e-16 0.0000000e+0 1.00000000
vn -0.80028308 -0.59962238 0.0000000e+0
vn -0.25182807 -0.96777199 0.0000000e+0
vn -0.40650885 0.91364684 0.0000000e+0
vn -1.2325952e-32 0.0000000e+0 1.00000000
vn 0.25182807 0.96777199 0.0000000e+0
vn -1.2325952e-32 0.0000000e+0 1.00000000
vn -0.40650885 0.91364684 0.0000000e+0
vn 0.25182807 0.96777199 0.0000000e+0
vn 3.0164686e-2 0.99954494 0.0000000e+0
vn 3.0164686e-2 0.99954494 0.0000000e+0
vn 0.80028308 0.59962238 8.7754745e-16
vn 0.80028308 0.59962238 8.7754745e-16
vn 0.80028308 0.59962238 8.7754745e-16
vn 0.80028308 0.59962238 8.7754745e-16
vn 0.96777199 -0.25182807 2.9251582e-15
vn 0.96777199 -0.25182807 2.9251582e-15
vn 0.40650885 -0.91364684 5.8503164e-16
vn 0.40650885 -0.91364684 5.8503164e-16
vn 0.40650885 -0.91364684 5.8503164e-16
vn 0.40650885 -0.91364684 5.8503164e-16
vn -0.46086374 -0.88747091 0.0000000e+0
vn -0.46086374 -0.88747091 0.0000000e+0
vn -0.80028308 -0.59962238 0.0000000e+0
vn -3.6977855e-32 0.0000000e+0 -1.00000000
vn -0.25182807 -0.96777199 0.0000000e+0
vn 0.0000000e+0 0.0000000e+0 -1.00000000
vn -0.25182807 -0.96777199 0.0000000e+0
vn -3.6977855e-32 0.0000000e+0 -1.00000000
vn -0.40650885 0.91364684 0.0000000e+0
vn 5.8775640e-17 7.9894211e-17 -1.00000000
vn 5.8775640e-17 7.9894211e-17 -1.00000000
vn 5.8775640e-17 7.9894211e-17 -1.00000000
vn 0.25182807 0.96777199 0.0000000e+0
vn 1.3826415e-16 0.0000000e+0 -1.00000000
vn 1.4008057e-16 2.7517196e-16 -1.00000000
vn 3.0164686e-2 0.99954494 0.0000000e+0
vn 3.0164686e-2 0.99954494 0.0000000e+0
vn 1.4008057e-16 2.7517196e-16 -1.00000000
vn 1.4008057e-16 2.7517196e-16 -1.00000000
vn 3.0164686e-2 0.99954494 0.0000000e+0
vn 3.0164686e-2 0.99954494 0.0000000e+0
vn -4.3740033e-16 4.4235629e-16 -1.00000000
vn 0.80028308 0.59962238 0.0000000e+0
vn 0.80028308 0.59962238 0.0000000e+0
vn -2.4038705e-17 2.9291662e-16 -1.00000000
vn 0.96777199 -0.25182807 1.4625791e-15
vn 0.96777199 -0.25182807 1.4625791e-15
vn -2.4038705e-17 2.9291662e-16 -1.00000000
vn 0.96777199 -0.25182807 1.4625791e-15
vn 0.96777199 -0.25182807 1.4625791e-15
vn 0.40650885 -0.91364684 0.0000000e+0
vn 0.40650885 -0.91364684 0.0000000e+0
vn 1.8854995e-16 1.2771986e-16 -1.00000000
vn 1.8854995e-16 1.2771986e-16 -1.00000000
vn 1.8854995e-16 1.2771986e-16 -1.00000000
vn -0.46086374 -0.88747091 0.0000000e+0
vn -0.46086374 -0.88747091 0.0000000e+0
vn -1.4599609e-16 0.0000000e+0 -1.00000000
vn -1.4599609e-16 0.0000000e+0 -1.00000000
vn -0.46086374 -0.88747091 0.0000000e+0
vn -0.46086374 -0.88747091 0.0000000e+0
vn -0.96777199 0.25182807 0.0000000e+0
vn -3.6977855e-32 0.0000000e+0 -1.00000000
vn 0.25182807 0.96777199 0.0000000e+0
vn -0.96777199 0.25182807 0.0000000e+0
vn 0.25182807 0.96777199 0.0000000e+0
vn -3.6977855e-32 0.0000000e+0 -1.00000000
vn -1.3826415e-16 0.0000000e+0 -1.00000000
vn -0.25182807 -0.96777199 0.0000000e+0
vn -0.96777199 0.25182807 0.0000000e+0
vn -0.96777199 0.25182807 0.0000000e+0
vn -0.25182807 -0.96777199 0.0000000e+0
vn -1.2325952e-32 0.0000000e+0 1.00000000
vn -0.96777199 0.25182807 0.0000000e+0
vn -1.2325952e-32 0.0000000e+0 1.00000000
vn -0.25182807 -0.96777199 0.0000000e+0
vn -0.96777199 0.25182807 0.0000000e+0
vn -1.3826415e-16 0.0000000e+0 1.00000000
vn 0.25182807 0.96777199 0.0000000e+0
g cube1_sep50_cube1_sep28_auv
usemtl cube1_sep28_auv
f 19/49/84 32/58/144 25/51/105
f 19/49/85 35/48/159 26/60/110
f 20/78/89 35/73/158 19/77/83
f 21/54/92 28/65/123 20/56/90
f 22/55/96 28/65/124 21/54/93
f 23/52/98 30/64/132 22/53/97
f 24/50/102 30/62/133 23/47/99
f 25/51/104 32/58/143 24/50/103
f 26/60/106 32/58/140 19/49/82
f 26/72/111 33/75/150 27/71/117
f 27/66/112 20/56/86 28/65/119
f 27/71/115 32/70/142 26/72/109
f 27/66/116 33/67/149 20/56/91
f 28/65/120 22/55/94 29/68/126
f 28/69/122 31/46/137 27/71/113
f 29/63/127 22/53/95 30/64/129
f 29/45/125 30/44/128 28/69/118
f 30/62/130 24/50/100 31/59/134
f 31/59/135 24/50/101 32/58/139
f 31/46/136 28/69/121 30/44/131
f 32/70/141 27/71/114 31/46/138
f 33/75/146 26/72/107 34/76/151
f 34/61/152 26/60/108 35/48/155
f 34/40/153 35/42/157 33/41/148
f 35/73/156 20/78/87 36/74/161
f 36/57/162 20/56/88 33/67/147
f 36/43/160 33/41/145 35/42/154
